r=5;
r1=15;
r3=13;
r4=10;
r5=7;